1 2 77 83 
2 1 3 4 77 85 
3 2 4 5 27 72 77 85 
4 3 2 
5 3 6 27 33 45 60 72 
6 5 7 33 
7 6 8 28 33 
8 7 9 28 36 56 
9 8 10 29 36 
10 9 11 29 30 
11 10 12 30 
12 11 13 31 30 41 
13 12 14 31 53 57 58 
14 13 15 34 48 58 
15 14 16 34 
16 15 17 34 35 
17 16 18 35 47 
18 17 19 43 44 47 
19 18 20 39 43 44 
20 19 21 26 39 42 
21 20 22 26 
22 21 23 26 37 24 55 70 69 
23 22 24 37 
24 23 25 32 22 37 38 
25 24 32 46 40 49 
26 21 20 22 42 39 65 69 
27 5 3 
28 7 8 33 51 56 75 78 
29 9 10 36 30 52 87 98 105 
30 11 10 12 41 29 52 88 
31 12 13 41 53 
32 24 25 38 40 
33 6 5 7 45 28 51 60 
34 15 16 35 14 48 50 
35 16 34 17 47 50 
36 8 9 29 56 87 
37 22 23 24 38 55 61 
38 24 32 37 40 59 61 55 66 
39 20 42 19 26 44 62 64 65 67 
40 38 32 25 49 54 59 66 79 
41 12 31 30 53 88 
42 39 20 26 64 65 
43 18 19 44 47 58 63 
44 18 19 39 43 62 63 67 68 58 71 76 
45 33 5 
46 25 49 81 
47 17 18 35 43 50 58 
48 34 14 50 58 
49 25 40 46 79 81 84 
50 34 35 48 47 58 
51 28 33 75 60 94 113 
52 30 29 88 95 105 107 
53 13 31 57 41 58 88 117 122 145 149 154 
54 40 
55 22 37 61 38 70 74 
56 28 8 36 78 87 101 106 
57 13 53 58 
58 14 48 50 47 43 63 44 13 76 57 53 90 110 117 122 134 
59 38 40 
60 33 5 51 72 94 
61 55 37 38 74 66 82 93 96 
62 44 39 
63 43 44 58 
64 39 42 65 67 69 73 68 80 76 86 89 
65 39 42 64 26 69 73 
66 38 40 61 79 96 100 103 
67 44 39 64 68 
68 44 67 71 64 76 
69 65 26 73 64 22 70 74 
70 22 55 74 69 73 
71 44 68 76 
72 3 5 77 60 94 129 143 158 
73 64 65 69 80 74 70 92 
74 55 61 70 69 73 93 92 97 96 99 104 108 119 
75 28 51 78 101 113 121 
76 44 58 71 68 64 86 90 89 91 
77 1 2 83 3 72 85 129 157 
78 28 75 56 101 
79 40 49 84 66 100 
80 73 64 89 86 92 91 
81 46 49 84 102 126 
82 61 
83 1 77 157 168 210 
84 79 49 81 100 102 
85 2 3 77 
86 76 64 89 80 
87 56 36 29 98 106 124 
88 41 53 30 52 107 130 135 154 156 
89 64 86 80 76 91 
90 58 76 91 110 112 114 120 132 151 
91 76 90 89 80 92 114 
92 80 73 74 97 91 114 116 118 123 
93 74 61 
94 60 72 51 113 121 137 140 158 143 
95 52 105 107 
96 61 66 74 99 103 111 119 125 
97 74 92 104 123 
98 87 29 105 124 144 
99 74 96 
100 66 79 84 103 102 115 111 
101 78 56 75 106 121 124 144 
102 84 81 100 115 126 128 
103 66 100 96 111 
104 74 97 119 123 127 
105 29 52 95 98 107 135 144 
106 56 87 101 124 
107 52 88 95 109 105 135 
108 74 
109 107 
110 58 90 112 120 122 139 138 151 
111 103 96 100 115 125 136 
112 90 110 120 
113 75 51 94 121 
114 90 91 92 116 132 
115 100 102 111 128 136 
116 92 114 118 132 133 152 
117 58 122 53 
118 92 116 123 133 131 146 152 153 
119 74 96 104 127 125 
120 90 112 110 
121 75 101 113 94 137 141 144 165 
122 117 58 53 110 134 139 142 149 150 169 174 177 194 197 214 215 212 239 
123 97 104 92 118 131 127 153 
124 87 106 101 98 144 
125 96 111 119 136 127 160 163 
126 102 81 128 147 
127 104 119 123 153 125 163 
128 102 126 115 136 155 147 
129 77 72 143 157 182 
130 88 
131 123 118 
132 114 90 116 152 151 
133 116 118 
134 58 122 
135 107 88 105 156 144 162 
136 111 115 128 125 155 160 191 198 207 209 
137 94 121 140 141 
138 110 139 148 151 167 
139 110 138 122 142 148 166 170 
140 94 137 141 164 158 176 
141 137 121 140 164 165 178 
142 122 139 170 174 
143 72 129 94 158 171 182 185 220 245 264 296 
144 101 121 124 98 105 135 156 165 173 187 188 189 200 211 
145 53 149 154 175 169 180 190 201 206 213 218 226 228 
146 118 152 153 
147 126 128 159 155 183 
148 139 138 167 166 170 186 196 
149 53 122 145 169 
150 122 214 
151 110 90 138 132 152 167 153 172 184 
152 116 118 132 146 153 151 
153 123 127 118 146 152 163 151 172 160 
154 88 53 145 156 175 
155 136 128 147 183 191 192 193 202 
156 135 88 162 144 154 175 189 218 224 255 256 
157 77 129 83 182 210 
158 94 72 143 140 171 176 179 
159 147 183 208 231 233 
160 125 136 163 153 172 198 199 
161 711 693 715 
162 135 156 
163 127 125 153 160 
164 141 140 178 165 176 181 
165 141 121 144 173 164 178 
166 139 148 170 
167 148 138 151 184 186 222 
168 83 
169 122 149 177 145 180 194 
170 139 166 142 174 148 196 197 204 
171 143 158 179 185 
172 153 151 184 160 195 199 
173 165 144 178 187 216 236 
174 122 142 170 197 
175 145 154 156 218 
176 140 164 158 179 181 205 225 
177 122 169 
178 164 141 165 181 173 217 216 
179 158 171 176 185 205 
180 145 169 190 194 
181 164 178 176 217 225 
182 129 143 157 210 296 373 438 
183 155 147 159 202 208 
184 151 172 167 195 222 219 
185 143 171 179 205 220 
186 167 148 196 222 227 
187 144 173 188 189 200 211 236 255 260 276 299 300 307 
188 144 187 
189 144 156 187 255 
190 145 180 194 201 206 212 
191 155 192 136 209 
192 155 191 193 209 221 
193 155 192 202 221 232 
194 169 122 180 190 203 212 
195 172 184 199 219 
196 170 148 186 204 227 
197 174 122 170 204 214 223 
198 160 136 199 207 
199 160 172 198 195 207 219 230 243 
200 144 187 
201 145 190 206 
202 155 193 183 208 232 237 
203 194 212 
204 170 197 196 227 214 223 248 
205 179 176 185 220 225 245 
206 145 190 201 228 212 241 242 244 
207 198 136 209 199 230 234 250 
208 183 202 159 231 237 238 
209 136 191 207 192 221 234 
210 83 157 182 438 
211 144 187 
212 190 194 203 122 206 239 215 241 242 252 
213 145 226 218 224 259 270 
214 122 197 150 223 235 204 215 239 240 
215 122 214 212 239 
216 173 178 217 236 246 269 282 291 
217 181 178 225 216 246 
218 175 156 224 145 213 
219 195 199 184 222 243 
220 185 205 143 245 
221 209 192 193 229 232 234 253 
222 186 167 184 227 219 243 
223 214 197 240 204 248 262 268 271 
224 156 218 213 256 259 
225 181 176 217 205 245 246 263 
226 213 145 228 247 270 267 281 283 289 308 
227 196 186 204 222 248 243 
228 145 206 226 244 242 247 251 
229 221 232 
230 199 207 243 250 265 
231 208 159 233 238 
232 193 221 229 202 237 249 253 
233 159 231 238 254 335 361 383 
234 207 209 221 250 253 
235 214 239 240 257 258 262 261 
236 173 187 216 276 282 
237 202 208 232 238 249 254 
238 208 231 233 237 254 
239 122 215 212 214 235 242 252 258 
240 214 223 235 257 262 
241 206 212 242 
242 212 241 206 228 244 251 252 239 266 275 272 
243 219 222 199 230 265 227 248 279 298 306 
244 228 206 242 251 
245 143 220 205 225 263 264 
246 217 216 225 263 269 280 288 
247 226 228 251 266 267 274 
248 204 227 223 271 243 268 293 297 298 304 
249 232 237 253 254 
250 207 234 253 230 265 
251 228 244 242 247 266 
252 212 239 242 258 272 275 
253 234 250 221 232 249 265 273 254 
254 237 238 233 249 273 253 265 294 335 
255 189 156 187 260 256 277 299 311 316 
256 156 224 259 255 277 278 284 
257 240 235 262 
258 239 252 235 261 262 272 
259 224 256 213 270 284 
260 187 255 
261 235 258 262 
262 235 257 261 258 240 223 268 272 286 290 
263 245 225 246 264 280 288 
264 245 143 263 288 296 
265 230 250 243 253 273 279 254 294 
266 251 247 242 275 267 285 287 292 302 
267 226 247 274 281 283 266 287 
268 223 262 271 248 286 290 293 
269 216 246 280 291 301 
270 259 213 226 284 308 318 321 317 327 336 337 350 357 
271 223 248 268 
272 252 258 262 275 242 286 
273 253 265 254 
274 267 247 
275 242 266 252 272 285 286 
276 236 187 282 305 307 
277 255 256 278 284 317 316 
278 256 284 277 
279 243 265 294 306 
280 246 269 288 263 301 303 
281 226 267 283 
282 236 276 216 291 305 320 
283 281 267 226 289 295 287 310 312 
284 256 259 278 270 277 317 
285 266 275 302 286 313 330 332 
286 262 290 268 272 275 313 285 
287 267 266 292 283 310 
288 263 246 280 264 303 296 
289 226 283 295 309 308 318 315 
290 262 268 286 293 313 304 319 
291 216 282 269 301 320 
292 266 287 302 310 
293 268 248 290 304 
294 265 254 279 306 335 370 
295 289 283 309 312 
296 143 264 288 303 182 340 373 
297 248 298 304 314 325 329 348 369 372 358 387 
298 248 243 297 329 306 352 
299 187 300 255 311 307 324 322 326 342 
300 187 299 307 
301 269 291 280 303 320 344 340 
302 292 266 285 310 332 334 
303 280 288 301 296 340 
304 293 248 297 314 290 319 
305 276 282 307 320 331 339 
306 243 279 294 298 352 370 
307 187 300 276 305 299 326 324 331 
308 270 226 289 318 315 
309 289 295 312 315 323 328 
310 287 292 283 312 302 338 334 
311 255 299 316 322 
312 295 283 309 310 323 338 
313 290 286 319 285 330 354 360 
314 304 297 319 325 
315 289 309 318 308 321 328 327 341 351 356 
316 255 311 322 277 317 
317 277 284 270 316 322 333 336 
318 270 308 289 315 321 
319 290 313 304 314 325 354 355 
320 282 291 305 301 339 344 349 
321 270 318 315 327 
322 311 316 299 333 317 342 362 368 367 
323 309 312 328 338 341 346 351 
324 299 307 326 342 345 359 
325 314 297 319 348 353 355 358 
326 307 324 299 331 345 
327 270 321 315 350 356 351 
328 315 309 323 341 
329 298 297 352 369 
330 285 313 332 354 360 364 376 
331 305 307 326 339 345 375 381 384 385 397 
332 302 285 330 334 347 364 
333 322 317 336 362 363 366 367 
334 302 310 338 343 332 347 
335 254 233 294 361 370 411 
336 317 270 333 363 357 386 
337 270 350 357 
338 312 310 334 323 343 346 364 351 371 
339 305 331 320 349 385 
340 303 296 301 344 373 380 398 415 
341 328 323 315 351 346 
342 324 299 322 359 368 379 
343 338 334 347 364 
344 301 320 349 340 380 385 401 403 
345 326 331 324 359 375 377 378 
346 323 338 351 341 
347 334 332 343 364 
348 325 297 353 358 355 372 
349 320 344 339 385 401 
350 327 270 337 357 356 
351 323 341 346 315 327 356 365 338 371 374 
352 306 329 298 369 382 399 370 
353 325 348 
354 313 319 330 360 355 392 
355 319 325 358 348 354 392 
356 327 351 315 350 357 365 
357 270 337 350 356 336 365 386 
358 325 348 355 372 297 389 392 432 431 436 
359 324 342 345 368 377 378 
360 330 313 354 376 402 392 405 421 424 429 
361 233 335 383 411 
362 322 333 367 
363 336 333 367 386 396 404 
364 338 343 347 371 332 330 376 394 
365 351 356 357 374 386 390 
366 333 367 
367 333 366 362 322 368 363 391 396 
368 322 342 359 377 379 367 391 393 
369 329 297 352 382 387 414 
370 306 294 335 352 399 411 425 466 
371 338 364 351 374 395 394 390 400 420 422 
372 297 348 358 389 387 432 423 
373 296 340 182 415 442 438 481 479 517 520 
374 365 351 390 371 400 
375 345 331 381 384 378 377 
376 330 364 360 394 402 410 
377 345 359 378 368 375 384 391 412 419 427 
378 345 359 377 375 
379 342 368 
380 340 344 398 403 
381 331 375 384 388 385 397 
382 352 369 399 414 
383 361 233 411 472 
384 331 375 381 388 377 419 
385 339 349 331 381 397 401 344 
386 365 357 336 390 363 404 396 
387 297 369 372 414 423 
388 381 384 397 407 419 433 
389 358 372 432 
390 374 365 386 400 371 404 413 416 
391 368 367 393 377 396 409 412 417 
392 355 354 358 360 405 431 421 
393 368 391 
394 364 371 376 410 422 
395 371 
396 363 367 404 386 391 406 408 409 418 
397 331 381 385 388 401 407 
398 380 340 403 415 
399 352 382 370 414 425 443 
400 390 374 371 413 420 422 
401 344 349 385 397 403 407 
402 376 360 410 429 437 
403 380 398 344 401 415 407 434 
404 386 390 363 396 408 416 
405 360 392 421 431 
406 396 408 418 430 452 
407 401 397 388 403 434 433 447 
408 396 406 404 426 416 445 452 450 
409 391 396 418 417 
410 376 402 394 422 437 429 
411 370 335 361 383 466 472 
412 391 377 417 427 439 444 454 
413 390 400 416 422 435 445 446 448 453 
414 369 382 387 399 423 443 449 
415 340 398 403 373 434 442 
416 404 390 413 408 445 
417 391 412 409 418 428 430 444 
418 409 396 417 406 428 430 
419 384 377 427 388 433 451 463 476 
420 371 400 
421 360 405 424 431 392 436 440 
422 371 394 400 410 413 435 437 441 
423 387 414 372 432 449 458 
424 360 421 429 440 431 436 455 441 480 456 486 492 
425 370 399 443 466 470 
426 408 
427 377 412 419 439 461 463 
428 417 418 430 
429 360 424 402 410 437 441 455 
430 417 428 418 406 444 452 
431 405 392 421 436 358 424 440 
432 389 372 358 423 436 458 467 
433 407 388 419 451 447 
434 403 407 415 442 447 
435 413 422 446 448 441 437 459 460 462 
436 358 431 432 421 424 440 467 480 
437 410 402 429 422 441 435 
438 210 182 373 520 625 
439 427 412 454 457 461 463 464 
440 421 431 424 436 480 
441 437 429 422 435 455 456 424 459 
442 373 415 434 447 481 479 451 478 496 500 497 509 515 521 531 540 
443 414 399 449 425 470 484 
444 417 430 412 454 465 468 452 
445 416 413 408 453 448 450 473 
446 413 435 448 453 462 469 475 
447 434 407 433 451 442 
448 413 435 446 445 453 
449 414 423 443 484 458 493 
450 408 452 445 473 
451 433 419 447 476 478 442 
452 406 408 430 450 444 465 482 473 489 491 
453 445 448 413 446 469 473 483 
454 412 444 439 457 464 468 465 471 
455 441 429 424 456 486 
456 441 455 459 424 486 492 490 
457 439 454 461 464 
458 432 423 467 449 493 510 
459 435 441 456 460 475 485 490 
460 435 462 459 475 
461 439 427 463 457 464 487 
462 435 446 460 475 469 
463 427 439 461 419 476 487 464 498 501 494 
464 457 454 439 461 471 468 474 487 463 494 495 
465 444 452 454 468 474 482 488 
466 425 370 470 411 472 505 519 527 
467 432 458 436 480 510 
468 454 444 465 471 474 464 
469 446 453 475 477 462 483 473 
470 425 466 443 484 505 
471 454 468 464 474 494 495 499 
472 383 411 466 519 533 537 545 
473 450 445 453 452 483 469 489 503 
474 468 465 471 464 488 499 
475 446 462 469 460 477 459 485 
476 451 419 478 463 498 497 
477 469 475 483 485 502 508 
478 451 476 442 497 
479 442 373 481 500 514 524 
480 424 440 436 467 486 492 510 518 
481 373 442 479 514 517 529 536 557 550 569 574 571 588 576 594 
482 452 465 488 491 499 512 
483 453 469 473 477 503 508 511 516 
484 449 443 470 493 505 528 
485 459 475 490 502 477 
486 424 456 455 492 480 
487 461 464 463 494 501 
488 474 465 482 499 
489 473 452 491 503 507 511 
490 459 456 485 502 492 506 
491 452 489 482 504 507 512 
492 456 486 480 424 490 506 518 539 
493 449 458 484 510 528 
494 464 487 495 471 501 463 509 522 525 
495 464 471 494 499 525 535 534 
496 442 500 
497 476 498 478 442 509 
498 476 497 463 501 509 
499 471 474 488 495 482 512 523 534 535 542 543 
500 442 479 496 515 524 532 
501 463 498 487 494 509 
502 485 490 477 508 506 513 538 
503 473 483 489 507 511 516 
504 491 507 512 526 523 
505 470 484 466 528 527 530 
506 490 492 502 539 538 554 
507 504 491 489 503 511 526 516 
508 477 502 483 513 516 544 538 546 562 564 
509 498 501 497 442 494 521 522 
510 458 493 467 480 518 528 541 547 
511 489 503 507 516 483 526 
512 482 491 504 499 523 
513 502 508 538 544 
514 481 479 524 550 
515 500 442 532 540 
516 503 483 511 508 507 526 546 
517 373 481 520 529 551 
518 480 510 492 539 541 549 548 
519 466 472 527 537 560 
520 373 517 438 551 576 625 648 
521 509 442 522 531 525 
522 509 494 521 525 531 
523 512 499 542 504 526 555 561 
524 514 479 500 532 550 
525 494 495 522 535 521 531 540 
526 507 504 511 516 546 523 555 556 
527 505 466 519 530 552 560 
528 484 505 493 510 530 547 559 563 
529 481 517 536 551 557 
530 505 527 528 552 559 
531 521 442 522 525 540 
532 500 524 515 540 550 558 
533 472 545 582 
534 499 495 535 542 543 540 
535 525 495 499 534 540 
536 481 529 557 
537 472 519 545 560 586 582 
538 513 502 506 544 508 554 
539 506 492 518 548 554 567 568 580 
540 531 525 442 515 535 532 553 534 558 543 542 561 575 579 592 602 
541 518 510 547 549 578 593 
542 499 523 534 543 561 540 
543 534 542 499 540 
544 508 513 538 554 562 
545 472 537 533 582 
546 526 516 508 556 564 565 570 
547 541 510 528 563 578 
548 518 539 549 567 593 
549 518 541 548 593 578 
550 524 514 532 481 558 574 
551 517 529 520 557 576 573 584 
552 527 530 559 560 577 
553 540 
554 506 538 544 539 562 572 580 568 570 
555 523 526 556 561 565 566 
556 526 555 546 565 566 
557 536 481 529 551 569 573 
558 532 550 540 574 575 583 
559 530 528 552 563 577 
560 527 519 552 537 577 586 600 
561 523 555 542 540 565 579 
562 508 544 564 554 572 570 
563 547 528 559 578 577 606 607 
564 508 562 546 570 
565 556 546 566 555 570 561 581 579 589 590 592 595 604 603 602 
566 556 565 555 581 
567 548 539 568 591 593 608 
568 539 567 554 580 591 599 
569 481 557 573 587 576 
570 565 546 572 562 554 580 564 596 598 603 599 610 613 622 626 632 
571 481 
572 562 554 570 580 
573 557 569 551 584 585 587 576 
574 481 550 558 583 588 594 597 
575 558 540 583 602 597 609 618 604 601 640 641 642 643 648 654 661 675 682 
576 551 520 584 569 481 588 594 573 601 605 623 635 640 648 
577 552 560 559 563 600 607 619 
578 541 547 563 593 549 606 608 
579 561 540 565 592 
580 554 539 568 570 572 599 598 
581 566 565 
582 533 545 537 586 617 
583 558 574 575 597 
584 551 573 576 585 
585 573 584 
586 537 560 582 600 616 617 631 
587 573 569 
588 481 576 574 594 
589 565 595 
590 565 592 604 602 
591 568 567 599 608 593 611 612 
592 579 565 540 590 602 
593 549 541 578 548 567 591 608 
594 588 481 574 597 576 601 609 
595 589 565 604 603 
596 570 
597 574 594 583 575 609 
598 580 599 570 
599 580 568 598 591 570 610 612 
600 560 586 577 616 619 
601 576 605 594 609 575 640 
602 540 592 565 590 604 575 618 620 
603 565 570 595 604 613 614 615 
604 590 565 595 602 603 618 615 620 575 630 641 642 655 656 
605 576 601 
606 578 563 607 608 627 633 638 644 646 
607 563 606 577 619 627 647 
608 567 593 591 578 606 611 629 633 637 
609 597 575 594 601 
610 570 599 612 622 628 
611 591 608 612 621 629 
612 599 591 611 610 621 622 628 
613 603 570 614 624 632 634 
614 603 615 613 624 
615 603 614 604 624 630 
616 600 586 619 631 
617 582 586 631 657 647 676 
618 602 604 575 620 
619 600 577 616 607 631 647 
620 602 604 618 
621 612 611 622 629 
622 570 610 628 621 612 629 626 636 632 639 652 650 658 660 664 665 
623 576 635 
624 614 615 630 613 634 
625 438 520 648 689 693 696 
626 570 622 632 
627 606 607 646 647 
628 610 622 612 
629 621 611 622 608 636 637 
630 615 624 604 634 651 653 656 
631 616 619 586 617 647 
632 570 626 613 634 622 649 660 665 670 677 684 685 687 
633 608 606 637 638 644 
634 624 613 632 630 649 651 
635 576 623 
636 622 629 637 650 
637 608 633 629 636 644 645 650 
638 606 633 
639 622 652 
640 601 575 576 648 
641 575 642 604 643 
642 575 604 641 655 643 
643 575 641 642 655 661 
644 633 606 637 645 646 
645 637 644 650 646 658 
646 606 627 644 645 647 658 666 669 674 
647 607 627 619 631 646 617 672 676 674 
648 640 576 575 654 520 667 673 679 625 682 689 695 698 
649 634 632 651 662 670 
650 637 636 622 645 658 
651 630 634 649 653 662 
652 622 639 
653 630 651 656 663 662 
654 648 575 
655 642 604 659 656 643 661 
656 630 604 653 659 655 663 668 
657 617 676 703 
658 650 622 645 646 664 669 671 
659 655 656 661 668 675 
660 622 632 
661 643 575 655 659 675 
662 651 649 653 670 663 681 686 
663 656 653 668 662 686 681 
664 622 665 658 671 677 678 680 
665 622 664 632 677 
666 646 669 674 
667 648 673 
668 656 659 663 675 683 686 
669 658 646 671 666 674 678 
670 649 662 632 681 684 
671 658 669 664 678 
672 647 676 674 694 
673 667 648 
674 666 646 647 669 672 678 691 694 707 706 
675 661 659 575 668 682 683 
676 647 617 657 672 694 703 705 
677 665 664 632 680 685 
678 671 664 680 669 674 691 
679 648 
680 664 677 678 685 691 
681 662 670 684 663 686 688 690 699 
682 575 675 648 683 686 692 688 699 704 698 708 
683 675 668 682 686 
684 670 632 681 687 690 
685 632 677 680 687 691 
686 668 663 662 681 683 682 688 
687 632 685 684 690 691 701 702 
688 686 681 682 692 699 690 
689 625 648 695 696 697 
690 687 684 681 701 699 688 
691 680 678 685 674 687 702 707 
692 682 688 
693 625 696 700 697 698 711 715 161 
694 672 674 676 706 705 
695 648 689 697 698 
696 625 693 689 697 700 
697 689 695 696 700 693 698 
698 648 695 682 704 697 693 716 
699 688 682 681 690 701 708 709 
700 696 697 693 
701 690 687 702 699 709 
702 687 691 701 707 706 710 712 709 714 
703 676 657 705 
704 682 698 708 
705 676 703 694 706 713 710 714 708 
706 694 674 707 705 702 710 
707 691 674 702 706 
708 699 682 709 704 712 714 705 
709 708 701 699 702 712 
710 702 706 714 705 
711 693 161 
712 702 709 708 714 
713 705 
714 702 710 705 712 708 
715 693 161 
716 698 
