1 467 482 486 490
2 3 15 19 29 43 68
3 2 4 11 15 17
4 3 5 11 13
5 4 10 13 6
6 7 10 14 5
7 8 6 12 14
8 9 7 12 18 16
9 8 16 20 30 44 69
10 5 6 13 14 37 38 55
11 3 4 13 23 27
12 7 8 14 24 28
13 4 5 11 10 31 37 45 59
14 6 7 12 10 32 38 46 60
15 2 3 17 19 25 21
16 8 9 18 20 26 22
17 3 15 21 23
18 8 16 24 22
19 2 15 25 29 33
20 16 9 26 30 34
21 15 17 25 23 39 41
22 18 16 26 24 42 40
23 17 11 27 21 35 41 49
24 12 18 28 36 22 42 50
25 19 15 21 39 33 47
26 16 20 22 40 48 34
27 23 11 35 31 53
28 12 36 32 54 24
29 2 19 33 43 51
30 20 9 34 44 52
31 13 45 53 27
32 14 46 54 28
33 29 19 25 51 58 64 47
34 20 30 26 52 67 48 61
35 23 27 49 62 53
36 28 24 54 63 50
37 13 10 55 59 76 90 123 118 137
38 10 14 55 60 77 91 124 118 138
39 25 21 47 56
40 22 26 48 57
41 21 23 49 56 70 78
42 24 22 50 57 71 79
43 2 29 51 68 82
44 30 9 52 69 83
45 31 13 53 59 88
46 14 32 54 89
47 25 39 58 65 33
48 40 26 61 66 34
49 23 35 41 62 72 78 86
50 36 24 42 63 73 79 87
51 29 33 43 64
52 34 30 44 67
53 27 31 35 45 62 74 88
54 32 28 36 46 63 75 89
55 10 37 38 118
56 39 41 65 70 84
57 42 40 71 85 66
58 33 47 65 64 80
59 45 13 37 88 76 93
60 38 14 77 89 94
61 48 66 34 67
62 35 53 49 72 74
63 36 54 50 73 75
64 51 80 82 92 33 58
65 58 47 80 84 56
66 48 61 81 57 85
67 52 81 83 95 34 61
68 2 43 82 125 139 157
69 44 9 83 126 142 158
70 56 41 84 78
71 42 57 79 85
72 49 62 86 74 96
73 63 50 87 75 97
74 62 53 72 88 96 104 112
75 54 63 73 89 97 105 113
76 59 37 90 93
77 38 60 91 94
78 70 41 49 84 86 96 98 102
79 50 42 71 85 87 97 99 103
80 64 65 84 92 100 58
81 66 67 85 95 101
82 43 64 68 92 114
83 67 44 69 95 115
84 65 56 70 80 78 98 100 108
85 71 57 66 79 81 99 101 109
86 49 78 72 96
87 73 50 79 97
88 53 45 59 74 106 112 93
89 60 46 54 75 94 107 113
90 76 37 93 116 121 123
91 38 77 94 117 122 124
92 64 82 80 100 114 127
93 59 76 88 106 90 116
94 77 60 91 107 117 89
95 81 67 83 101 115 128
96 78 86 72 74 102 104 110
97 75 73 87 79 103 105 111
98 78 108 102 84
99 79 109 103 85
100 80 84 92 119 127
101 85 81 95 120 128
102 78 98 96 110 108 119 133
103 97 79 99 111 109 120 134
104 96 74 110 129 112 140
105 75 97 111 113 130 141
106 88 93 112 116 131
107 94 89 113 117 132
108 84 98 119 102
109 99 85 120 103
110 102 96 104 129 133
111 97 103 105 130 134
112 74 88 104 106 140 131
113 89 75 107 105 141 132
114 82 92 125 135 127
115 95 83 126 136
116 93 90 106 131 121 149 161
117 91 94 107 132 122 150 162
118 55 37 38 137 138 164 165 163 166
119 100 108 133 102 127 145
120 109 101 134 103 128 146
121 116 90 123 159 161
122 91 117 124 160 162
123 90 37 121 137 147
124 38 91 122 138 148
125 68 114 139 135 169
126 115 69 142 136 170
127 92 100 119 114 135 143 145
128 101 95 120 136 144 146
129 110 104 140 133 151
130 105 111 141 134 152
131 112 106 116 149 155 140
132 107 113 117 150 156 141
133 119 102 110 129 153 145 151
134 103 120 111 130 154 146 152
135 114 127 143 125 169
136 128 115 144 126 170
137 123 118 147 163 164 37
138 118 124 148 165 166 38
139 68 125 157 169 199
140 104 112 129 155 151 167 131
141 113 105 130 156 152 168 132
142 126 69 158 170 200
143 135 127 145 171 169 181
144 128 136 146 172 182 170
145 127 119 133 143 153 171
146 120 128 134 154 144 172
147 123 137 159 163
148 138 124 160 166
149 131 116 155 161 173 179
150 117 132 156 162 174 180
151 133 129 153 140 167
152 141 130 134 154 168
153 133 145 151 171 167 177
154 134 146 152 172 168 178
155 140 131 149 167 175 179
156 132 141 150 168 176 180
157 68 139 199 233
158 142 69 200 234
159 121 147 161 163 173 185 193 197
160 148 122 162 166 174 184 186 194 198
161 116 149 159 121
162 117 150 160 122
163 137 164 147 183 118 159
164 163 118 183 203 209 137 217 165
165 118 166 184 204 210 138 217 164
166 138 165 148 184 118 160
167 151 140 155 177 175 153
168 156 141 152 176 178 154
169 125 135 143 139 181 191 199
170 136 126 144 142 182 192 200
171 143 145 153 181 177 189
172 154 146 144 178 182 190
173 149 159 179 195 197
174 150 160 180 196 198
175 167 155 179 177 187 201
176 156 168 180 178 188 202
177 153 167 175 171 187 189
178 168 154 176 172 188 190
179 155 175 149 173 195 201
180 150 156 176 174 196 202
181 143 171 169 189 191
182 172 144 170 190 192
183 163 185 164
184 166 186 165 160
185 159 183 193 203 205
186 184 160 194 204 206
187 177 175 189 207 201 213
188 176 178 190 208 214 202
189 177 181 187 191 207 171
190 178 182 188 192 208 172
191 169 181 199 189 207 218 235
192 182 170 200 190 208 219 236
193 159 185 197 205 211
194 186 160 198 206 212
195 179 173 197 201 220 213
196 174 180 198 202 221 214
197 173 159 195 193 211 222 224 220
198 160 174 194 196 212 223 225 221
199 139 169 157 191 233 235
200 170 142 158 192 234 236
201 175 187 179 195 213
202 176 180 196 214 188
203 185 164 205 209 215
204 165 186 206 210 216
205 193 211 203 215 185
206 194 212 204 216 186
207 189 187 213 191 218
208 188 190 214 192 219
209 203 164 217 226 215
210 165 204 217 227 216
211 193 205 197 215 224
212 206 194 198 216 225
213 187 201 195 207 220 218
214 196 202 188 208 221 219
215 211 205 203 224 226 228 209
216 204 206 212 225 227 229 210
217 209 210 226 230 227 165 164
218 207 191 213 220 237 235 246 250
219 208 192 214 221 238 236 247 251
220 195 213 197 222 218 237
221 198 196 214 223 219 238
222 197 220 224 237
223 198 221 225 238
224 222 211 215 231 237 197
225 212 223 216 232 238 198
226 230 228 239 215 217 209
227 230 229 240 216 217 210
228 215 226 239 241 231
229 227 216 240 242 232
230 226 217 227 243 244 245
231 224 241 237 228
232 225 242 238 229
233 157 199 235 252
234 200 158 236 255
235 199 191 233 218 246 253
236 192 200 234 219 247 254
237 220 222 224 218 231 241 250 248
238 223 221 225 219 232 242 251 249
239 228 226 241 244 248
240 227 229 245 242 249
241 231 228 239 237 248
242 229 232 240 238 249
243 230 244 245 264
244 239 230 248 243 258 264
245 230 240 249 243 259 264
246 218 235 250 253 262
247 219 236 251 254 263
248 237 241 239 244 258 260 256 250
249 242 238 240 245 259 261 257 251
250 218 246 237 256 262 248
251 238 219 247 257 263 249
252 253 275 279 233
253 246 252 262 276 279 235
254 247 255 263 277 280 236
255 254 278 280 234
256 250 248 262 260 265 267 273 281
257 249 251 263 261 266 268 274 282
258 244 260 271 269 248
259 245 261 272 270 249
260 248 258 256 265 271
261 259 249 257 266 272
262 246 253 256 276 281 286 290 250
263 247 254 257 277 282 287 291 251
264 244 243 245 269 270 283
265 260 267 256 284 271
266 261 268 257 285 272
267 256 265 273 284 294 292
268 266 257 274 285 295 293
269 258 264 271 283 284 288
270 264 259 272 283 285 289
271 260 258 269 284 265
272 259 261 270 285 266
273 256 267 281 292
274 268 257 282 293
275 252 279 318 373
276 253 279 262 290 304 312 314
277 254 280 263 291 307 313 315
278 255 280 319 374
279 252 253 275 276 314 318
280 254 255 278 277 315 319
281 262 256 273 286 292 296
282 257 263 274 287 293 297
283 264 269 270 288 289
284 267 265 271 269 294 298 300 288
285 272 266 268 270 295 299 301 289
286 262 281 290 296 308 305
287 282 263 291 297 309 306
288 283 298 302 269 284
289 283 299 303 285 270
290 262 286 276 305 304
291 263 287 277 306 307
292 281 273 296 267 294 310 324 326
293 274 282 268 295 297 311 325 327
294 267 284 292 300 310
295 285 268 293 301 311
296 286 281 292 308 320 324
297 282 287 293 309 321 325
298 284 288 302 300 316
299 289 285 303 301 317
300 294 284 298 310 316
301 299 285 295 311 317
302 288 298 330 334 360 361 303
303 289 299 331 335 360 362 302
304 276 290 312 328 305 332
305 290 304 322 328 286 308
306 291 307 323 329 287 309
307 291 277 313 306 329 333
308 296 320 322 305 286
309 297 321 323 287 306
310 292 294 300 316 326
311 295 293 301 317 327
312 276 304 314 332 338
313 277 307 315 333 341
314 279 276 318 312 338 342 352
315 277 280 319 313 341 345 353
316 300 298 310 330 326
317 299 301 311 331 327
318 275 279 314 342 373
319 280 278 315 345 374
320 308 296 322 324 343 346
321 297 309 323 325 344 347
322 305 308 320 339 328 346
323 309 321 306 340 329 347
324 296 292 326 320 343
325 293 297 327 321 344
326 292 310 324 316 349 356 334 367
327 311 293 325 317 331 350 335 357 368
328 304 305 332 322 336 339
329 306 307 333 323 337 340
330 316 302 334
331 303 317 335 327
332 312 304 328 336 338 354
333 329 307 313 337 341 355
334 330 356 361 302 326 360
335 303 331 357 362 327 360
336 332 328 348 339 354 363
337 329 333 351 340 355 364
338 314 312 332 352 354 365
339 322 328 348 346 358 336
340 323 329 347 351 359 337
341 313 315 333 353 355 366
342 318 314 352 383 373
343 324 349 346 369 371 320
344 325 350 347 370 372 321
345 315 319 353 384 374
346 322 320 343 339 358 369
347 321 323 344 340 359 370
348 336 339 358 363 379
349 326 343 371 367
350 327 344 372 368
351 340 337 359 364 380
352 314 338 342 365 383
353 341 315 345 366 384
354 338 332 336 363 365 377
355 337 333 341 364 366 378
356 326 334 361 375
357 335 327 362 376
358 339 348 346 379 381 385 369
359 347 340 351 382 380 386 370
360 302 303 334 361 362 335 390 391 407
361 356 334 302 360 375
362 303 335 360 357 376
363 354 336 377 379 387 389 348
364 337 355 378 380 388 392 351
365 338 354 352 377 401 383 397
366 355 341 353 378 402 398
367 349 371 326 375 399
368 327 350 372 376 400
369 346 343 371 381 394 358
370 344 347 372 382 395 359
371 343 349 367 369 394 405 399
372 350 344 368 370 395 406 400
373 275 318 342 403 446 444
374 278 319 345 404 447 445
375 367 356 361 390 399
376 357 368 362 391 400
377 354 363 365 389 393 401
378 364 355 366 392 396 402
379 363 348 358 385 387
380 359 351 364 386 388
381 358 369 394 385 411 414
382 370 359 395 386 412 415
383 342 352 397 403 365
384 353 345 398 404
385 379 358 381 414 387 416
386 359 380 382 415 388 417
387 363 379 389 385 416
388 380 364 392 386 417
389 363 387 393 410 416 422 377
390 375 360 399 407 420 428 468 466
391 360 376 400 407 421 429 468 467
392 388 364 396 413 417 423 378
393 377 389 408 410
394 381 369 371 405 411
395 372 370 382 406 412
396 392 378 409 413
397 383 365 401 403 418 430
398 366 384 402 404 419 431
399 367 375 390 371 405 420
400 376 368 391 372 406 421
401 365 377 397 408 418
402 378 366 398 409 419
403 373 383 397 430 446
404 384 374 398 431 447
405 394 371 399 420 428 411
406 372 395 400 421 429 412
407 390 360 391 468
408 401 393 410 418 422 432 438 448
409 396 402 413 419 423 433 439 449
410 393 389 422 408
411 381 394 414 434 428 405
412 395 382 415 406 429 435
413 392 396 423 409
414 385 381 411 416 426 436 434
415 382 386 412 417 427 437 435
416 387 385 389 414 422 424 426
417 386 388 392 415 423 425 427
418 397 401 408 432 430 452
419 402 398 409 433 431
420 405 399 428 390
421 400 406 429 391
422 410 389 416 408 424 438 440 453
423 417 392 413 409 425 439 443 454
424 416 426 422 440
425 417 427 423 443
426 424 416 414 436 440
427 415 417 425 437 443
428 411 405 420 390 441 466
429 406 412 421 391 467
430 403 397 418 450 460 452
431 398 404 419 451 463 455
432 418 408 452 458 448
433 409 419 449 455 459
434 414 411 441 436 456 464 471
435 412 415 442 437 457 465 472
436 426 414 440 434 464
437 415 427 443 435 465
438 408 422 448 453
439 423 409 449 454
440 422 424 426 453 436 464 475
441 434 456 466 428
442 435 457 467
443 427 425 423 454 437 465 476
444 373 446 473 479 487 489
445 374 447 474 480 488 490
446 373 403 450 444 473
447 404 374 451 445 474
448 408 438 432 461 453
449 439 409 454 462 433
450 446 430 460 473
451 431 447 463 474
452 432 458 460 430 418
453 438 422 440 448 469 475
454 443 423 439 449 470 476
455 433 459 463 431
456 434 441 466 471
457 442 435 467 472
458 452 461 477 432 460
459 455 462 478 433 463
460 450 473 477 479 452 430 458
461 458 448 469 477
462 449 459 470 478
463 451 474 478 480 431 459 455
464 436 434 440 471 475
465 435 437 443 472 476
466 441 428 390 456 468 481 485 491
467 391 429 442 457 468 482 486 1
468 390 407 391 466 467 485 486
469 461 453 477 475 483 487
470 454 462 478 476 484 488
471 464 434 456 475 481
472 435 465 457 482 476
473 446 450 460 444 479
474 451 463 447 445 480
475 453 440 464 469 471 483 481
476 443 454 465 470 472 484 482
477 460 458 461 469 487 479
478 459 463 462 470 488 480
479 460 477 473 444 487
480 478 463 474 445 488
481 471 466 475 489 491
482 467 472 476 490 1
483 469 475 487 489
484 476 470 488 490
485 466 468 491 486
486 468 467 1 485
487 477 469 479 483 489 444
488 470 478 480 484 490 445
489 483 481 487 444 491
490 482 484 488 1 445
491 481 466 485 489
