218 201 211 223 226 231 199 208
22 14 19 29 30
32 4 26 41 35 47 54
118 100 113 114 126 133
12 5 6
62 47 52 64 70 84 78
72 55 71 92 49 51
42 5 33 35 50 52
52 47 35 42 50 62 64
192 81 181 194 198 207 215
82 65 61 79 87 99 107
219 209 206 222 213 235
119 112 101 102 116 129 97
6 5 10 12 13 15 16 17 18 21 14
16 6 15 18 20 5
122 106 103 109 124 139 125
76 53 75 100 68 95
46 3 37 56 65
26 4 5 32 35
36 28 27 38 44 51
96 78 69 93 101 106 116 120
293 213 266 291 273 8
56 3 46 2 80 65 87
86 66 68 88 100 113
225 205 196 214 220 233 237
166 160 148 171 175 183
266 263 256 262 241 220 265 191 213 293 8
190 185 189 187 199 201 179
124 109 122 49 130 139 146
161 147 94 158 178 176 174
261 249 246 255 203 268 267
191 182 186 195 165 204 216 213 220 238 240 265 266
224 215 207 228 232 210
227 214 130 233 247 248 241
149 143 154 157 142
160 141 155 148 166 172 175
196 177 130 165 205 214 225
127 113 108 94 126 138 147
185 171 183 190 189 179
126 118 113 127 133 138 145
226 210 218 231 232 211
263 253 256 266 220
197 188 189 194 201 211 210
163 152 145 158 171 179 176
129 119 116 102 132 140 142
229 221 230 234 203 249 212
159 150 156 165 169
230 217 215 228 221 229 246 249
130 49 111 105 115 124 137 146 164 177 196 214 227 241
162 153 157 174 168 173
262 247 248 256 241 266
128 81 104 123 141 144
3 9 2 4 23 31 37 46 56
228 215 224 230 232 246 245
274 272 267 271 273 279 282
231 218 226 223 236 239 244
232 224 210 226 228 239 245 252
7 286 1 273
33 5 28 42 44 50
63 45 58 57 77 85
13 6 10 14 17
43 14 29 49 45 57
73 54 60 70 67 89 90
175 160 166 172 183 188
53 31 40 59 68 75 76
83 58 85 105 115
93 69 71 92 103 106 96
67 48 60 66 73 88 90 94
233 225 214 227 237 243
47 35 32 52 54 62 70
77 57 63 49 85 98
27 5 20 28 14 36 38
37 3 31 46 59 61 65
97 84 78 101 102 112 119
57 43 49 45 63 77
87 56 80 65 104 82 107
234 203 212 229
134 110 121 114 135 148 133
277 270 269 213 283 273
177 164 165 130 196
169 154 151 159 165 170 180 186
269 258 260 213 270 277
135 123 121 134 141 148
270 254 258 264 269 273 277
170 157 154 173 169 182 186
235 222 219 236 213 242 251
236 223 222 231 235 244 250 251
168 153 162 174 94
158 138 147 145 161 163 176
171 148 152 163 166 179 185 183
271 259 264 267 274 273
136 132 120 125 150 139 140
194 181 192 197 207 210 188
237 220 225 233 243 253
137 115 130
103 93 92 106 109 122
203 74 81 212 234 229 249 257 261 268 275 276 280 281 285 286
172 155 167 160 175 188 181
238 191 220 240
138 126 127 145 147 158
102 91 84 97 89 94 112 119 129 142 143
273 264 270 271 277 274 279 283 288 290 292 291 293 1 7 213 286
202 81 212 198 217 221
147 127 94 138 161 158
247 243 248 256 227 262
139 122 125 136 146 150 156 124
246 230 228 245 249 255 261
239 231 232 244 252 254
4 9 3 23 24 25 26 32 39 41 5
40 23 34 31 53 66 68
10 6 11 13 14
60 39 48 54 67 73 41
80 2 56 81 87 104
50 33 44 42 52 64
90 67 73 89 94
100 76 68 86 95 114 118 113
44 28 36 33 50 64 51 69
14 11 10 13 19 17 6 21 22 20 27 29 38 43 49
64 50 44 52 62 69 78
8 266 241 293
24 4 23 25
94 88 67 90 89 108 102 127 143 147 153 161 168 174
84 70 62 78 91 97 102
54 32 41 60 47 70 73
88 66 86 67 94 108 113
58 45 30 63 83
144 81 128 141 155 167
244 239 231 236 250 254 258
98 49 77 85 105 111
38 27 14 36 51 55 49
28 5 27 33 36 44
78 64 69 62 84 97 96 101
48 34 39 60 66 67
18 6 16 5
106 93 103 96 120 122 125
143 94 102 149 153 157
243 237 233 247 253 256
188 172 175 181 183 194 197 189
288 213 290 273 283 284
206 193 174 213 209 219
278 276 272 282 281 287 289
178 161 174 176 187
268 203 261 272 276 267 
142 129 102 151 154 149 140
242 235 213 251
105 85 83 98 115 111 130
104 87 80 81 107 128
204 165 191 216 220
179 171 187 176 163 190 185
241 130 227 248 262 266 8
141 128 123 135 155 144 160 148
140 132 129 151 150 136 142
240 191 238
112 102 97 119
113 86 88 100 118 108 126 127
213 206 174 195 191 219 235 242 251 260 269 266 277 284 283 288 273 291 293
292 289 279 273 1
256 253 243 247 263 266 262
156 150 139 146 159 164 165
291 273 213 293
290 273 288
289 278 282 279 292 287 1
287 281 278 289 286 1
286 280 281 203 285 287 1 7 273
17 6 13 14
209 200 206 208 222 223 193 219
212 81 203 202 221 229 234
31 3 23 37 40 53 59
109 92 49 103 122 124
267 261 255 259 271 272 274 268 
41 4 32 39 54 60
71 51 69 93 92 72
61 37 59 65 79 82
11 10 14
81 2 80 104 74 128 144 167 181 192 198 202 203 212
283 273 277 213 288
281 203 276 278 286 287 280
51 36 38 55 44 69 71 72
108 88 94 113 127
208 199 200 209 223 218
280 203 275 285 286 281
91 70 84 89 102
211 197 210 201 218 226
45 29 30 43 57 58 63
75 59 53 76 79 95
9 4 3
15 6 16 20 21
70 54 47 62 73 84 89 91
35 5 26 32 42 47 52
254 252 239 244 258 264 270
276 203 268 272 281 278
275 203 280
272 268 267 278 274 282 276
282 272 278 274 279 289
95 75 76 79 99 110 114 100
85 77 63 83 98 105
222 209 223 219 236 235
264 252 254 259 271 273 270
55 51 38 72 49
260 250 251 258 213 269
216 191 204 220
116 101 96 119 129 132 120
259 245 255 252 267 271 264
255 246 245 261 259 267
155 141 144 160 167 172
258 244 254 250 260 269 270
257 203
99 82 79 95 107 110 121
20 16 15 21 5 14 27
39 25 4 41 48 60 34
29 14 22 30 45 43
125 106 120 122 136 139
49 14 43 38 57 55 77 72 98 111 109 124 130 92
79 61 59 75 82 99 95
69 64 51 71 78 93 96 44
198 81 192 202 215 217
30 22 45 58 29
65 46 56 61 82 87 37
223 218 208 209 222 231 236
117 74 131
180 169 165 186
252 245 232 254 259 264 239
152 133 145 148 163 171
120 96 106 116 125 132 136
111 98 105 130 49
199 190 187 200 201 208 218
217 198 215 202 221 230
110 95 99 114 121 134
107 87 82 99 104 123 121
173 162 157 174 184 170 182
74 2 81 117 131 203
101 78 96 97 116 119
214 196 130 225 227 233
92 71 72 93 103 109 49
279 274 273 282 289 292
89 73 70 90 94 91 102
153 94 143 168 162
221 202 217 212 229 230
187 179 176 178 190 193 174 200 199
253 237 243 220 256 263
132 116 120 136 129 140
23 3 4 24 34 31 40
183 175 166 171 185 189 188
176 163 158 161 179 178 187
2 3 56 74 80 81
114 95 100 118 110 133 134
215 198 192 207 217 224 228 230
115 105 83 130 137
68 40 53 66 76 86 100
66 40 48 68 67 86 88
249 229 203 230 246 261
133 114 118 126 134 145 152 148
186 170 169 180 182 191 165
250 244 236 251 260 258
154 149 157 142 151 170 169
157 149 154 143 162 170 173
164 156 165 130 177 146
146 139 124 130 156 164
150 140 136 139 156 159 151
21 6 20 14 15
181 81 167 172 192 194 188
19 14 22
182 173 170 186 184 191 195
148 134 133 135 152 160 166 171 141
248 227 247 241 262
59 37 61 53 75 79 31
121 107 99 110 123 135 134
251 235 242 236 250 213 260
151 142 140 150 154 169
1 287 289 292 286 7 273
189 183 185 190 197 188 201
285 203 280 286
25 24 4 34 39
193 187 174 200 206 209
5 6 12 18 16 20 4 26 28 27 33 35 42
195 184 182 191 174 213
174 94 161 168 162 178 173 184 187 195 193 206 213
200 187 193 199 208 209
131 117 74
201 189 190 197 199 211 218
34 23 25 40 48 39
205 165 196 220 225
207 192 194 210 215 224
210 194 197 207 211 224 226 232
184 174 173 182 195
284 213 288
167 144 155 172 81 181
165 159 156 164 169 180 177 186 196 191 204 205 220
265 191 220 266
220 204 205 216 225 237 238 253 191 263 265 266 165
145 126 133 138 152 163 158
245 228 232 246 252 255 259
123 107 121 128 135 141
