1 2 63 94 
2 1 3 37 60 63 
3 2 4 37 48 62 68 
4 3 5 48 
5 4 6 48 
6 5 7 48 53 
7 6 8 53 77 80 96 125 
8 7 9 69 77 87 89 
9 8 10 87 89 98 191 
10 9 11 58 83 98 
11 10 12 38 58 
12 11 13 38 39 
13 12 14 39 
14 13 15 56 57 39 65 
15 14 16 49 56 57 
16 15 17 49 54 
17 16 18 51 54 
18 17 19 44 51 
19 18 20 44 45 70 
20 19 21 35 45 
21 20 22 35 47 55 73 75 
22 21 23 47 66 95 99 112 
23 22 24 34 66 
24 23 25 42 34 59 66 72 78 79 
25 24 26 31 33 36 40 42 46 
26 25 27 33 32 52 
27 26 28 32 41 
28 27 29 41 43 
29 28 30 43 50 
30 29 43 50 
31 25 36 46 61 
32 27 26 41 52 
33 25 26 40 52 64 
34 23 24 66 
35 20 21 45 55 70 75 107 
36 25 31 42 59 61 
37 2 3 60 62 
38 11 12 39 58 65 83 
39 12 13 14 38 65 
40 25 33 46 64 
41 27 28 32 43 52 67 71 
42 25 36 24 59 
43 28 29 41 50 30 71 81 
44 18 19 51 70 86 
45 19 20 35 70 
46 25 40 31 61 64 74 
47 21 22 73 110 112 
48 4 5 6 3 53 68 80 91 
49 15 16 54 57 93 
50 29 30 43 81 
51 17 18 44 54 86 
52 33 26 32 41 64 67 76 
53 6 7 48 80 
54 16 17 49 51 93 86 
55 21 35 75 
56 14 15 57 65 85 
57 15 14 56 49 85 93 
58 11 38 10 83 
59 42 36 24 61 72 90 
60 2 37 63 62 84 105 82 
61 31 46 36 59 74 88 90 
62 37 3 60 68 82 
63 2 1 60 84 94 102 126 141 
64 33 52 40 46 76 74 92 106 
65 14 39 56 38 83 85 
66 24 34 23 22 78 95 
67 52 41 71 76 97 100 
68 3 48 62 82 91 114 123 
69 8 87 
70 45 19 35 44 86 103 107 109 
71 41 43 67 81 97 101 
72 24 59 90 79 113 
73 21 47 75 110 116 
74 46 61 64 88 106 108 
75 55 21 73 35 107 116 142 
76 64 52 67 92 100 121 
77 7 8 87 96 
78 24 79 66 95 104 
79 24 78 72 104 113 115 120 
80 53 7 48 91 125 132 
81 43 50 71 101 128 
82 62 68 60 105 123 
83 38 65 58 10 98 85 
84 63 60 105 119 126 
85 57 56 93 65 83 118 98 127 129 
86 44 70 51 54 93 103 117 135 
87 69 8 9 89 77 96 166 217 219 231 
88 61 74 90 108 111 
89 8 9 87 191 217 219 
90 59 61 72 88 111 113 
91 48 68 80 114 132 
92 64 76 106 124 121 
93 57 85 49 54 86 117 118 130 
94 1 63 102 
95 22 66 78 99 104 
96 77 87 7 125 166 180 199 
97 67 71 100 101 
98 83 10 9 85 129 158 169 191 196 221 
99 22 95 112 104 122 133 
100 76 67 97 121 101 144 
101 71 81 97 100 128 144 148 
102 63 94 141 156 190 222 
103 86 70 109 135 139 140 146 149 177 
104 95 78 79 99 120 122 134 
105 60 84 82 119 123 138 
106 74 64 108 92 124 136 
107 70 35 75 109 142 151 149 181 
108 88 74 106 111 136 
109 70 103 107 149 
110 47 112 73 116 
111 90 88 113 108 115 131 136 
112 47 110 22 99 133 116 157 159 170 179 
113 72 90 79 115 111 131 
114 68 91 123 132 153 162 
115 79 113 120 131 111 134 137 147 
116 75 73 110 112 142 157 
117 93 86 135 130 167 
118 85 93 127 130 155 163 
119 84 105 126 138 143 
120 79 104 115 134 
121 76 100 92 124 144 
122 99 104 134 133 145 150 160 
123 82 105 68 114 138 153 164 
124 92 106 121 144 136 
125 80 7 96 132 175 180 
126 63 84 119 141 143 156 165 
127 85 118 129 155 158 
128 81 101 148 173 
129 98 85 127 155 158 
130 93 118 117 163 167 
131 113 111 115 136 147 161 
132 91 114 80 162 171 125 175 
133 99 112 122 150 159 
134 120 104 122 115 137 145 152 154 
135 86 117 103 139 167 177 184 195 
136 111 108 131 106 124 161 144 
137 115 134 147 154 174 
138 119 105 123 143 164 
139 135 103 
140 103 
141 102 63 126 156 
142 75 116 107 151 157 183 
143 119 138 126 164 165 
144 100 101 121 148 124 136 161 
145 134 122 152 160 172 
146 103 
147 115 131 137 161 174 192 205 236 
148 101 144 128 161 173 186 197 
149 103 109 107 168 181 177 210 226 232 
150 133 122 160 159 176 
151 107 142 181 183 
152 134 154 145 172 187 
153 114 123 162 164 200 206 
154 134 137 152 174 187 188 
155 127 129 158 118 163 194 178 209 218 
156 141 126 165 189 190 102 
157 116 112 142 179 183 201 215 
158 129 127 155 98 169 196 194 
159 112 133 150 170 176 185 
160 122 150 145 172 176 182 
161 131 136 147 144 148 186 203 205 
162 114 132 153 171 200 
163 118 130 155 167 178 
164 143 138 123 165 153 189 206 
165 126 156 143 164 189 190 
166 96 87 180 199 227 231 217 
167 130 117 163 135 178 184 
168 149 
169 98 158 196 
170 112 159 179 185 198 228 
171 162 132 175 200 229 
172 145 152 160 182 187 193 
173 128 148 197 202 
174 137 154 147 192 188 
175 132 171 125 180 229 
176 150 159 160 182 185 204 
177 103 135 149 195 220 225 226 230 241 
178 163 167 155 184 209 224 
179 112 170 157 198 215 
180 125 175 96 166 199 227 229 
181 107 151 149 183 210 211 
182 160 176 172 193 204 208 235 
183 151 142 157 181 201 211 
184 135 167 195 178 212 224 
185 159 170 176 204 228 
186 161 148 197 203 223 233 
187 154 188 152 172 193 207 
188 154 187 174 192 207 214 
189 165 156 190 164 206 263 267 
190 156 189 165 102 222 253 263 267 
191 9 89 98 219 221 337 354 
192 174 147 188 214 236 
193 172 187 182 207 208 238 
194 158 155 196 213 218 
195 135 184 177 212 220 242 
196 169 158 194 98 213 221 
197 148 173 202 186 223 234 
198 179 170 215 228 237 
199 180 96 166 227 
200 153 162 171 206 229 245 
201 183 157 211 215 261 
202 173 197 234 250 
203 161 205 186 216 233 244 
204 176 185 182 228 235 249 262 
205 161 203 147 216 236 265 264 268 
206 153 200 164 245 189 254 263 
207 187 188 193 214 238 239 
208 182 193 235 238 
209 178 155 224 218 252 
210 149 181 211 232 255 
211 183 201 181 210 255 261 
212 184 195 224 242 256 260 
213 194 196 218 221 247 
214 188 192 207 236 240 243 239 
215 157 201 179 198 237 248 261 
216 203 205 244 265 
217 87 89 219 166 231 373 388 
218 155 194 209 213 247 252 
219 87 89 217 191 354 373 
220 195 177 230 242 259 
221 98 196 213 247 191 284 280 337 356 
222 102 190 253 
223 186 197 233 234 266 269 
224 178 209 184 212 256 252 
225 177 226 241 257 
226 177 225 149 232 257 271 
227 180 199 166 229 231 258 
228 185 204 170 198 237 249 
229 200 171 175 180 227 245 246 258 
230 220 177 241 259 272 
231 166 227 87 217 258 293 317 360 388 373 
232 149 226 210 255 271 285 290 
233 186 223 203 244 269 
234 197 202 223 250 266 275 
235 182 208 204 238 262 277 287 
236 192 214 240 147 205 268 
237 198 215 228 248 249 270 
238 193 207 239 208 235 274 277 
239 207 214 238 243 274 279 
240 214 243 236 268 279 301 298 312 
241 177 225 230 257 272 
242 212 195 220 260 259 
243 214 240 239 279 
244 216 203 233 265 269 281 294 
245 206 200 229 246 251 254 292 296 
246 229 245 251 258 283 
247 213 218 252 221 284 
248 215 237 261 270 276 282 
249 228 204 237 262 270 278 289 
250 234 202 275 
251 245 246 283 296 313 315 
252 218 209 247 224 256 284 280 
253 222 190 267 327 338 
254 206 245 263 292 
255 232 210 211 261 285 276 
256 224 212 260 273 252 280 
257 225 226 241 271 272 299 
258 229 246 227 231 283 293 
259 220 242 230 260 288 272 308 
260 212 242 256 273 259 288 
261 201 211 215 255 248 276 
262 235 204 249 277 287 289 278 
263 206 254 189 190 267 292 307 
264 205 265 268 286 295 
265 205 216 244 264 281 286 
266 223 234 275 269 302 305 
267 190 189 263 253 307 327 
268 236 240 205 264 295 301 
269 233 223 244 266 294 305 320 
270 249 237 248 278 282 303 304 
271 257 226 232 290 299 297 
272 230 241 257 259 299 309 308 
273 256 260 280 288 318 308 336 
274 238 239 277 279 298 300 
275 234 266 250 302 328 
276 261 248 282 291 255 285 310 
277 235 238 274 287 262 300 
278 270 249 289 262 304 
279 239 243 240 274 298 
280 256 273 252 284 318 221 356 
281 244 265 294 286 314 322 
282 248 276 270 291 303 
283 246 251 258 293 313 333 
284 247 252 221 280 
285 232 255 290 276 306 310 
286 264 265 295 281 316 322 
287 262 235 277 289 300 311 
288 260 259 273 308 
289 249 262 278 287 304 311 
290 232 271 285 297 306 323 324 
291 276 282 303 310 321 330 
292 254 245 263 296 307 319 
293 231 258 283 317 333 
294 281 244 269 314 320 
295 268 264 286 301 316 342 347 
296 245 251 292 315 319 332 
297 271 290 299 324 341 352 
298 274 300 279 240 312 345 348 
299 272 257 271 297 309 341 340 
300 277 274 298 287 311 331 345 
301 240 268 312 295 344 347 
302 266 275 305 328 329 365 
303 282 270 291 304 326 330 339 
304 270 278 289 311 303 326 335 
305 266 269 302 320 329 
306 285 290 310 323 
307 263 292 267 327 319 351 
308 288 259 272 309 325 273 336 350 
309 272 308 299 325 340 341 
310 276 285 291 306 321 323 334 
311 289 304 287 300 331 335 
312 240 298 301 344 348 
313 251 283 315 333 
314 281 294 322 320 343 346 
315 296 251 313 332 333 378 
316 286 295 322 342 
317 293 231 333 360 366 
318 280 273 336 367 356 387 
319 292 296 307 332 351 355 
320 269 294 305 314 346 329 
321 310 291 334 330 363 368 372 
322 286 281 314 316 343 342 371 
323 306 290 324 310 334 349 
324 290 323 297 352 349 359 
325 308 309 340 336 350 361 
326 303 304 339 335 353 358 
327 267 307 253 338 351 385 409 
328 275 302 365 375 
329 305 302 346 320 364 365 
330 291 303 321 339 363 
331 311 300 335 345 362 369 
332 319 296 315 355 378 392 
333 283 293 313 317 366 315 378 417 
334 310 321 323 349 368 
335 304 311 331 326 353 369 382 
336 273 308 325 350 318 367 
337 191 221 356 354 422 472 478 519 
338 253 327 385 
339 303 326 330 358 363 381 
340 309 341 325 299 357 361 
341 299 297 309 340 352 357 379 
342 295 316 347 322 371 377 
343 314 322 346 370 371 
344 312 301 348 347 377 383 384 
345 300 298 331 348 362 
346 320 329 314 343 364 370 
347 295 342 301 344 377 
348 298 312 344 345 362 384 391 
349 323 334 324 359 368 393 
350 308 325 336 361 367 376 
351 307 319 327 355 395 401 409 
352 324 297 341 359 374 379 380 
353 326 335 358 382 
354 219 191 337 373 431 478 517 
355 319 332 351 392 395 
356 221 280 318 337 387 422 
357 340 341 361 379 389 404 
358 339 326 353 381 382 394 
359 324 349 352 374 380 368 393 
360 317 231 366 388 
361 325 340 350 357 376 387 404 
362 345 348 331 369 386 391 
363 330 339 321 372 368 381 
364 346 329 370 365 398 405 
365 329 302 328 375 364 405 411 
366 333 317 360 388 414 417 432 
367 318 336 350 376 387 
368 334 349 321 363 372 393 359 406 413 
369 335 331 362 386 382 399 402 
370 346 343 364 371 398 396 
371 343 322 342 370 377 397 396 
372 321 363 368 381 406 407 
373 217 219 354 231 388 431 
374 352 359 380 
375 328 365 411 
376 350 361 367 387 
377 347 344 342 383 371 397 400 
378 315 333 332 392 425 417 
379 341 352 357 380 389 390 
380 352 374 379 359 390 393 410 
381 363 372 339 358 394 407 406 
382 353 335 369 358 394 402 416 426 
383 344 377 384 400 412 419 
384 348 344 383 391 412 
385 338 327 409 
386 362 369 391 399 408 
387 367 376 361 318 356 403 404 420 422 428 
388 231 360 217 373 366 414 431 435 
389 357 379 390 404 
390 379 380 389 410 404 
391 348 362 384 386 408 412 424 
392 332 378 355 395 425 
393 359 349 368 380 410 413 
394 381 358 382 407 415 416 
395 355 392 351 401 425 443 
396 370 371 398 397 421 423 
397 377 371 400 396 421 427 440 
398 370 364 396 405 423 444 451 
399 369 386 408 402 418 
400 377 383 397 419 427 
401 351 395 409 448 443 456 
402 369 382 399 418 426 
403 387 
404 361 357 387 389 390 410 420 429 436 453 
405 364 365 411 398 433 444 
406 368 372 413 407 381 442 447 
407 381 394 372 406 415 439 447 
408 386 391 399 418 424 430 
409 351 401 327 385 448 
410 380 393 390 404 413 429 
411 365 405 375 433 
412 384 391 383 424 419 434 
413 368 406 393 410 429 442 436 
414 366 388 432 435 466 
415 407 394 416 439 
416 394 382 415 426 439 449 
417 333 366 432 378 425 488 513 518 520 
418 399 408 402 430 426 437 
419 383 400 412 427 434 438 441 
420 404 387 428 445 453 452 
421 397 396 423 440 455 451 
422 356 387 428 337 446 445 468 472 470 476 
423 396 398 421 451 
424 391 412 408 430 434 450 
425 392 378 395 443 417 488 490 
426 382 402 418 416 437 449 
427 400 419 397 441 440 
428 387 420 422 445 446 
429 410 413 404 436 
430 408 418 424 437 450 457 
431 388 373 435 354 466 491 517 478 
432 366 414 417 466 491 513 
433 405 411 444 462 
434 412 424 419 438 450 460 461 
435 388 414 431 466 
436 404 429 413 442 453 464 473 
437 418 426 430 449 457 
438 419 434 441 461 
439 407 415 416 447 449 454 459 465 479 
440 397 421 427 441 455 463 
441 419 427 438 440 461 463 
442 406 413 447 436 464 
443 395 425 401 456 490 488 
444 405 433 398 451 462 475 
445 428 420 446 452 422 467 476 
446 428 422 445 
447 406 442 407 439 458 464 465 480 484 493 
448 409 401 456 483 
449 416 426 437 439 459 457 474 489 486 
450 430 424 434 460 457 469 
451 423 398 444 421 455 477 475 487 
452 420 445 453 467 
453 404 436 420 452 467 473 496 505 
454 439 
455 440 421 451 463 477 481 
456 401 443 448 483 490 500 
457 437 430 450 449 474 469 
458 447 
459 439 449 471 479 489 502 486 521 
460 450 434 469 461 482 
461 434 438 441 460 463 482 495 510 
462 444 433 475 494 
463 440 441 455 461 481 497 510 
464 442 447 436 473 480 
465 439 447 479 484 
466 414 435 432 431 491 
467 445 452 453 476 496 
468 422 470 472 492 
469 450 460 457 474 482 486 
470 422 468 476 492 498 
471 459 
472 337 422 468 492 498 519 476 555 
473 436 464 453 480 493 505 524 528 546 536 555 557 572 573 
474 449 457 469 486 
475 444 462 451 487 494 515 
476 422 445 470 467 485 496 498 501 516 472 536 550 555 
477 455 451 481 487 504 507 
478 354 337 517 431 519 565 587 
479 439 459 465 484 502 
480 464 447 493 473 
481 463 455 477 497 507 
482 469 460 486 461 495 499 
483 448 456 500 511 
484 447 465 479 493 502 506 
485 476 
486 474 469 482 449 503 499 459 509 527 521 533 541 
487 451 475 477 504 514 515 
488 425 417 443 490 520 523 
489 449 459 
490 443 425 488 456 500 523 
491 432 466 431 513 525 517 549 551 
492 468 470 472 498 
493 480 447 484 473 506 524 526 529 
494 462 475 515 
495 482 461 499 508 510 512 527 531 
496 467 476 453 505 516 
497 463 481 510 507 
498 470 476 492 501 472 
499 482 495 486 508 509 512 
500 456 490 483 511 530 523 
501 498 476 
502 479 459 484 506 521 522 
503 486 
504 477 487 514 507 535 540 
505 453 496 516 473 528 
506 493 484 502 522 529 
507 481 477 504 497 510 535 538 
508 499 495 512 
509 486 499 512 527 
510 461 463 497 495 507 531 538 542 
511 483 500 530 580 577 
512 499 509 508 495 527 
513 417 432 491 518 525 520 543 564 
514 487 504 515 532 540 
515 475 494 487 514 532 537 
516 496 476 505 528 536 
517 431 354 478 491 551 565 583 
518 417 513 
519 337 472 478 587 555 602 
520 417 488 513 523 543 
521 502 459 522 486 534 541 545 
522 506 502 521 529 534 544 
523 490 488 520 543 500 530 
524 473 493 526 546 547 
525 491 513 549 564 
526 493 524 529 547 
527 509 486 512 495 533 531 539 548 
528 505 516 536 473 
529 506 522 493 526 544 547 
530 511 500 523 543 577 
531 495 510 527 542 548 553 
532 514 515 537 540 561 
533 486 527 539 541 559 
534 522 521 545 544 556 562 563 
535 507 504 538 540 558 575 574 
536 476 516 528 473 555 
537 515 532 561 567 
538 510 507 542 535 553 558 
539 527 533 548 559 560 
540 504 514 532 535 561 574 
541 521 486 533 545 559 571 579 586 
542 531 510 538 553 
543 523 520 552 554 513 564 530 569 577 549 590 592 607 
544 522 529 534 547 556 
545 534 521 541 563 571 
546 524 473 547 570 573 
547 526 529 524 544 546 556 570 
548 527 539 531 560 553 566 
549 525 491 551 564 543 590 591 601 606 607 
550 476 
551 517 491 549 583 593 591 
552 543 
553 542 538 531 548 558 566 581 578 589 
554 543 
555 536 473 557 472 476 572 519 602 
556 544 534 547 562 568 570 
557 473 555 
558 538 535 553 575 578 
559 541 533 539 560 579 582 
560 539 548 566 559 582 584 
561 532 540 537 567 574 597 
562 556 534 563 568 576 585 
563 534 545 562 571 576 
564 513 525 543 549 
565 517 478 583 587 609 
566 560 548 553 581 584 
567 537 561 597 611 
568 556 562 570 585 
569 543 
570 547 546 556 568 573 585 588 
571 545 541 563 576 586 
572 473 573 555 588 602 617 
573 473 546 572 570 588 
574 540 535 561 575 597 599 
575 535 558 578 574 596 599 
576 562 563 571 585 586 594 595 
577 530 543 511 580 607 
578 558 553 575 589 596 
579 541 559 586 582 603 604 605 
580 511 577 
581 566 553 584 589 598 
582 559 560 579 584 600 604 
583 551 517 593 565 609 591 620 
584 566 560 581 582 598 600 
585 568 562 576 570 588 594 
586 541 571 576 579 595 603 
587 478 519 565 
588 570 573 585 572 594 610 617 
589 553 581 578 596 598 
590 543 549 606 607 
591 549 551 601 593 615 620 583 
592 543 
593 583 551 591 
594 585 576 595 588 608 610 
595 576 586 594 603 608 
596 578 575 589 599 598 614 616 597 611 
597 574 561 567 599 611 596 
598 584 581 600 589 596 612 616 
599 575 574 596 597 
600 582 584 598 604 612 
601 549 591 607 615 
602 555 572 519 
603 586 595 579 605 608 613 
604 582 600 579 605 612 
605 579 603 604 612 613 618 
606 590 549 607 
607 543 590 549 606 601 577 615 
608 595 603 594 610 613 
609 583 565 
610 594 608 588 617 613 619 
611 597 567 596 
612 600 604 605 598 618 616 621 
613 603 605 608 610 618 619 622 
614 596 616 
615 601 607 591 620 
616 596 614 598 612 621 
617 588 610 619 572 622 
618 605 613 612 621 622 
619 610 613 617 622 
620 591 615 583 
621 612 618 616 
622 619 613 617 618 
