1 3 64 70
2 563
3 1 5 4 64 71
4 5 6 27 3 62 64 71
5 3 4
6 4 27 7 36 54 62
7 6 8 36 38
8 28 9 7 38 36
9 8 28 35 52 10
10 11 30 35 9
11 10 12 30 29
12 13 29 11
13 12 14 31 29 40
14 13 15 31 50 53 55
15 14 16 33 572 55
16 17 15 33
17 18 16 33 34
18 17 19 34 45
19 18 20 42 45
20 21 19 26 39
21 20 26 22
22 21 26 23
23 22 24 26 37 51 58
24 23 25 32
25 24 32 44 41
26 21 22 23 39 20 58
27 6 4
28 8 9 36 48 52 63 65
29 12 11 13 40 30 49 73
30 10 11 35 29 49 72 79 85
31 13 14 40 50
32 24 25 41 37
33 16 17 34 15 572 47
34 33 17 18 45 47
35 9 10 30 52 72
36 7 6 38 28 8 48 54
37 23 32 41 51 59
38 7 8 36
39 26 43 56 58 61 20
40 13 29 31 50 73
41 37 32 25 44 59 66
42 19 45 43 55 57
43 42 39 56 61 60 57 55 58 74 75 68
44 25 41 66 69
45 34 18 42 47 55 19
46
47 33 34 572 45 55
48 36 28 54 63 76
49 30 29 73 82 85
50 31 14 53 40 55 73 90 94 110 114 118
51 23 37 58 59 68 78 83 91
52 28 9 35 65 72 81 84
53 14 50 55
54 36 6 48 62 76 77
55 15 572 47 45 42 57 43 14 53 74 50 86 90 94 101
56 39 43
57 42 43 55
58 39 26 23 68 51 43 60
59 37 41 51 66 78 80
60 43 61 58
61 39 43 60
62 4 6 54 64 77 98 111
63 48 28 65 76 81 88 93
64 1 3 4 62 70 71 98 121
65 28 63 52 81
66 41 44 59 69 80
67 554
68 58 43 75 51 83 89
69 44 66 80 96
70 1 64 130 121 164
71 3 4 64
72 52 35 30 79 84 95
73 29 40 50 49 82 99 102 118 120
74 55 43 75 86 87 89 92 100 115
75 43 68 74 89
76 54 48 63 77 88
77 62 54 76 88 104 107 122 111 93
78 51 59 91 80 103
79 72 30 85 95 112
80 59 66 69 78 96 103
81 65 52 63 84 93 95 112
82 49 73 85 102
83 68 51 91 89 117 125
84 52 72 81 95
85 30 49 79 82 102 112
86 55 74 87 92 94 105 106 115
87 74 92 86
88 76 63 77 93
89 74 68 83 100 116 117 75
90 55 94 50
91 51 78 83 103 123 125
92 87 74 86
93 88 63 81 104 109 112 129 77
94 90 55 50 101 106 108 114 131 135 152 154 168 169 166 86
95 84 72 79 81 112
96 69 80 103 119 124 143
97 566 551 570
98 64 62 111 121 142
99 73
100 89 74 116 115
101 55 94
102 82 73 85 120 112
103 78 80 91 96 119 123 150 156 148
104 77 93 107 109
105 86 106 113 115 128
106 94 86 108 113 127 132 105
107 77 104 109 122 126 137
108 94 106 132 135
109 93 107 126 129 104
110 50 114 118 136 131 140 159 163 167 172 178 181 120
111 98 62 122 77 139 142 162 194 210 235
112 93 81 95 79 85 102 120 129 133 146 147 149 158 165
113 106 105 127 128 132 145 155
114 50 94 110 131
115 86 74 105 100 116 117 128 575 144
116 89 100 115 117
117 89 83 116 125 115 575 123
118 73 50 110 120 136
119 103 96 143 150 148 151 160
120 102 73 112 118 136 149 172 175 201 202 110
121 64 98 70 142 164
122 77 111 107 139 137
123 91 125 103 117 575 156 157
124 96 143 160 180
125 117 83 91 123
126 107 109 138 141 137
127 106 113 132
128 113 115 144 145 173 105
129 109 93 133 138 112
130 70
131 94 114 110 140 152
132 106 108 127 135 113 155 154 161
133 129 112 138 146 170 185
134
135 94 108 132 154
136 110 120 172 118
137 107 126 122 139 141 162 177
138 126 129 141 133 170 171
139 122 137 111 162
140 110 131 152 163 166
141 126 137 138 171 177
142 98 111 121 164 235 288 576
143 119 96 124 160
144 115 128 575 153 173 174
145 113 128 155 179 173 182
146 133 112 147 149 158 165 185 206 201 217 237 241
147 112 146
148 150 151 103 156 176 183 119
149 112 120 146 201 206
150 119 103 148
151 148 119 160 183
152 131 140 94 166
153 575 144 157 174
154 135 94 132 161 168
155 132 113 145 161
156 123 103 157 148 176 199 189
157 123 575 156 153 174 189
158 112 146
159 110 163
160 151 119 143 124 180 183
161 154 132 155 179 168 187 197
162 139 137 177 111 194
163 110 140 159 181 166 191 190
164 70 121 142 576
165 112 146
166 140 152 94 163 188 190 191
167 110 178 172 175 205
168 94 154 161 186 169 187 188 197
169 94 168 188
170 133 138 171 185 195 214 223 230
171 141 138 177 170 195
172 120 136 175 110 167
173 145 128 144 182 179 192 174
174 153 157 144 173 189 192
175 120 172 167 205 202
176 156 148 183 199
177 137 141 171 162 194 195 207
178 167 110 181 196 213 212 222 224 242
179 145 161 182 173 197 192
180 160 124 184 183
181 163 110 178 196 193 191
182 145 173 179
183 148 151 160 176 180 198 184 200 199
184 180 183 200 261 279 294
185 146 170 217 223 133
186 168 188 187 203 204
187 168 186 161 197 203 211
188 166 169 168 186 191 204
189 157 174 192 156 208 199
190 166 191 163
191 163 181 193 190 166 188 204 196 209 216
192 173 174 189 179 208 220 236 240 197
193 181 191
194 111 162 177 207 210
195 171 170 177 207 214 221
196 181 178 191 215 209 212
197 161 179 187 211 231 234 236 168 192
198 183 199 200
199 156 176 183 198 189 208 200
200 183 198 184 208 199 571 261
201 146 206 120 202 218 237 244 247 149
202 120 175 201 205 219 218 226
203 186 204 187 211 227
204 191 188 186 203 216 227
205 175 202 167 213 226
206 146 201 149
207 194 177 195 210 229
208 189 199 192 220 200 571
209 196 191 216 225 212 232
210 111 194 207 229 235 
211 203 187 197 228 231
212 178 196 215 209 224 232 243
213 205 178 226 242 248 222 263 262 276
214 195 170 221 230
215 196 212
216 191 204 209 225 227
217 185 146 223 239 241
218 201 202 219 226 248 247
219 202 226 218
220 192 208 571 240
221 195 214 229 238
222 178 224 242 243 213 264 274 276 262
223 185 217 170 230 239 251
224 222 212 178 243
225 209 216 232 227 245 256 258
226 202 219 205 213 218 248
227 204 203 228 216 245 225
228 227 211 231 245 249 246
229 207 221 210 238 235
230 214 170 223 238 251 268 266
231 211 197 228 234 246
232 212 209 225 243 258 260
233
234 197 236 231 246 254 255 271 287 284 277 297
235 111 210 229 238 142 266 288
236 192 255 234 240 197 272
237 146 201 241 244 250 253
238 229 221 230 235 266
239 223 217 241 251 257 265
240 192 220 571 236 272 285
241 146 217 237 239 253 257
242 213 222 178
243 224 232 222 264 260 212
244 237 201 247 252 250
245 227 249 225 256 273 228
246 231 228 249 234 254
247 201 244 252 218 248
248 218 226 213 247 259 263
249 245 228 246 254 273 275
250 237 244 252 253 267
251 230 223 239 268 265
252 244 247 250 259 267 283 282
253 237 241 257 250 267 269
254 246 249 234 271 573
255 236 234 272 284
256 225 245 258 278 281 290
257 239 241 253 265 269 289 295 298
258 232 225 256 260 270 281
259 252 248 263 280 282
260 232 243 264 270 258
261 200 184 571 279 285 317
262 213 222 276
263 248 213 259 280 276 296
264 243 260 222 270 281 274 286
265 239 257 251 268
266 238 235 230 268 288 291 306 323
267 253 250 252 269 283
268 230 251 266 265 291 295 305 311
269 257 253 267 289 283 292
270 264 260 258 281
271 254 573 234 277 287
272 255 236 240 284 293 309 285
273 245 249 278 275 302
274 222 264 276 296 300 286 308
275 249 277 273 302
276 213 222 274 263 296 262
277 275 271 287 574 302 337 341 234
278 256 273 290 310 302 328 331 336
279 261 184 294 317
280 263 259 307 296 282
281 264 270 258 256 286 290 304
282 259 252 301 307 280 283
283 267 252 269 292 301 282
284 255 234 272 297 293 321
285 240 571 261 272 309 317 332 370
286 264 281 274 303 308 304 327 329
287 271 234 277 574 297 337 330
288 235 266 142 323 347 576 378 380 406 409
289 269 257 292 298 326
290 281 256 278 304 310 319
291 266 268 306
292 269 289 283 301 326 318 334
293 284 272 309 321
294 279 184 317 374
295 268 257 305 298 314
296 263 276 274 280 300 312 307
297 234 284 287 321 330
298 257 289 295 314 326 338
299
300 274 296 308 312 322 320
301 283 282 307 292 316 318 325
302 273 275 277 278 328
303 286
304 281 286 290 319 329
305 268 295 311 314
306 291 266 311 323
307 282 280 312 296 313 315 301 316 324
308 286 300 320 327 329 274
309 293 272 285 332 321 348
310 290 278 319 336
311 268 305 306 323 339 314
312 296 300 307 322 315
313 307 315 324 357
314 305 298 311 338 339 350 295
315 307 313 312 333 322 354 357 349
316 301 324 325 307
317 285 261 279 294 370 374
318 301 292 325 334 343 358
319 290 304 310 329 342
320 300 308 322 340 349 351 356
321 284 293 297 309 330 348 353
322 312 300 320 315 349
323 266 306 311 288 339 347
324 316 325 307 313 335 357
325 301 316 324 335 318 358 369 357
326 289 292 334 298 338 355 368
327 286 308
328 302 331 341 278
329 286 304 308 319 340 342 345
330 297 321 287 337 353 363
331 278 328 336 344 359 379 383 362
332 285 309 370 348 373
333 315
334 292 318 326 343 366 368
335 325 324
336 310 278 331 345 342
337 277 574 287 330 341 363 371
338 314 298 326 355 350
339 311 314 323 347 350
340 329 320 352 345 364 365 367
341 328 277 337 344 371 379
342 329 319 345 336
343 334 318 358 361
344 331 341 379
345 342 336 329 340 362 359 364
346
347 288 323 339 360 350 378 355 376 390 393 391 394 405 429
348 321 309 353 332 373 382
349 322 320 315 356 354 375 351
350 339 314 338 347 355
351 320 352 356 349
352 351 340 356 372 367
353 321 330 348 382 363 389
354 315 357 349 375
355 338 326 350 376 368 347
356 349 351 320 352 372 375 381
357 313 315 324 354 325 369 386 375 384
358 318 325 343 361 366 369 368 388 392
359 345 362 331
360 347
361 343 358 366
362 345 359 364 331 383 387 385
363 337 330 371 353 389 400
364 340 345 365 362 385
365 340 367 364 372 377 385 395
366 334 368 361 358
367 352 365 340
368 334 326 366 355 376 358 388 391 394
369 325 357 358 386 392 401
370 332 285 373 317 397 374 408 411
371 337 363 341 379 400
372 352 356 377 365 381 375
373 332 348 370 382 397
374 294 317 370 408 416 426 428
375 354 349 357 356 381 384 372
376 355 368 391 347
377 372 365 381 395 399
378 347 380 393 403 410 288
379 331 344 341 371 387 407 400
380 288 378 403 406 413 420 439 434 451 452 455 467 457
381 375 372 377 356 384 399 404
382 353 348 373 389 397 412
383 362 331 387
384 357 375 386 381 396 402 404
385 364 362 365 395 398 387
386 357 384 369 396 401
387 362 383 379 385 398 407
388 368 358 394 392 419
389 363 353 382 400 412
390 347 393
391 376 368 394 347
392 358 369 388 401 417 419
393 378 347 405 410 415 390
394 368 391 388 347 419 429
395 365 385 377 399 398
396 386 384 401 402
397 382 373 370 412 411 414
398 385 387 395 424 425 438
399 377 381 395 404 424 430 444 446
400 363 389 371 379 407 412 427 431
401 369 386 396 392 417 437 402
402 384 396 404 430 401 437
403 380 378 410 434
404 384 402 381 399 430
405 393 347 415 429
406 288 380 413 409 435
407 387 379 400 427 425 433 432
408 370 374 411 426 442
409 288 406 576 435 457 498 516
410 403 378 393 415 434
411 397 370 408 414 436 442
412 382 397 389 400 414 431 441 445
413 406 380 420 435 439
414 397 411 412 436 441
415 393 410 405 429 440 434
416 374 428 461
417 392 419 401 429 443
418
419 394 388 392 417 429
420 413 380 439
421
422
423
424 399 398 438 444
425 398 407 432 438 448 449 460
426 374 408 428 442 465 461
427 407 400 431 433 459
428 374 426 416 461
429 347 394 405 415 419 417 440 443 456 469 474
430 402 404 399 437 446 447 450
431 427 400 412 445 459
432 425 407 433 448 470
433 407 427 432 470
434 410 403 415 380 440 455
435 406 413 409 439 457 454 463
436 414 411 441 442 458
437 401 402 430 443 447
438 424 398 425 444 453 460
439 420 413 435 380 451 454
440 415 434 429 456 455 462
441 412 414 436 445 458
442 411 408 436 426 458 465 477
443 417 437 429 447 469
444 424 399 446 438 453 450
445 431 412 441 459 482 483 458
446 399 430 444 450
447 437 443 450 468 469 474 479 480 430
448 432 449 470 425
449 425 448 460 476 484 487
450 447 430 453 444 460 446 472 480 475 476 486 488 495 499 503
451 439 454 380 466 457
452 380
453 444 438 450
454 439 451 435 464 463 466 457
455 380 434 440 462 471 473
456 440 429 462 474 473 485 493 479 478 508 511 512 516 519 525 535 541
457 409 435 463 451 380 467 471 454 478 481 496 508 516
458 436 442 441 445 477 483 494
459 427 431 445 470 482 484
460 438 449 450 476 475 425
461 416 428 426 465 492
462 455 440 456 473
463 457 454 464 435
464 454 463
465 426 442 461 477 491 492 502
466 451 454
467 380 457 471
468 447 479 480 474
469 429 443 447 474
470 433 459 448 484 432
471 467 473 457 478 455 485
472 450
473 471 455 462 456 485
474 447 479 429 469 456 493 468
475 460 476 450
476 475 449 486 487 450 460
477 442 465 458 491 494
478 457 471 485 481 456 508
479 474 468 480 489 493 456 501 511 521 522 447
480 447 450 468 479 489 490 488
481 457 478
482 459 445 483 484 500 504 507 513 514
483 445 482 458 494 500 515
484 449 470 459 482 487 504
485 471 478 473 456
486 476 487 450 495
487 449 484 476 486 495 506 504 510
488 480 450 490 497 503 505
489 480 479 490 497 501
490 480 489 488 497
491 477 465 494 502
492 461 465 502 523 515 536
493 474 479 456
494 477 458 483 491 502 515
495 450 486 487 499 506 509 503 524 528
496 457
497 490 489 501 488 505
498 576 409 516 547 550 551
499 450 495 503
500 482 483 514 515
501 489 497 479 505 518 520 522
502 491 465 494 492 515
503 450 499 488 505 495 517 528 532 537 543 545
504 484 482 507 510 487
505 497 488 503 501 518 517
506 487 495 510 524
507 504 482
508 478 456 516 457
509 495
510 487 504 506 513 514 524
511 456 479 512 521
512 456 511 525 521
513 510 482 514
514 482 500 513 510 515 524 529 531 534
515 500 483 494 502 514 492 533 536 534
516 457 508 456 519 409 539 498 541 547 554
517 505 503 518 527 532
518 501 505 517 520 527
519 516 456
520 501 518 522 526 527
521 511 479 522 512 525
522 501 479 520 521 526 525 530 535
523 492 536 558
524 495 506 510 514 528 531
525 512 521 456 522 535
526 522 520 530 527 540 544
527 518 517 520 532 526 540
528 495 524 531 537 503 538
529 514 531 534
530 522 526 535 542 544
531 524 514 528 529 534 538
532 527 517 503 540 543
533 515 536 534 552
534 529 514 515 531 533 538 549 552 562 560
535 525 522 456 530 541 542
536 515 492 523 533 552 558 561
537 528 503 538 545 549
538 528 537 531 534 549
539 516
540 527 532 543 526 544 546 548 555
541 456 535 516 542 544 546 555 559 554 563
542 535 530 541 544
543 532 503 540 545 548
544 530 542 526 540 546 541
545 503 537 543 548 549 556 557
546 544 540 541 555
547 498 516 550 554 551
548 543 545 540 556 555
549 537 538 534 545 557 562
550 498 547 551 553
551 498 550 553 547 554 566 570 97
552 533 534 536 560 561
553 551 550
554 516 547 541 559 551 67
555 546 540 548 541 556 563 565
556 548 545 557 555 565
557 545 549 556 562 560 564 567 565 569
558 536 523 561
559 541 554 563
560 552 534 562 561 557 564
561 536 558 552 560 568 564 569 563
562 549 534 557 560
563 541 555 559 565 567 2 569 561
564 557 560 569 561
565 556 555 563 557 567
566 551 97
567 557 565 569 563
568 561
569 557 564 561 567 563
570 551 97
571 208 200 220 240 261 285
572 15 33 47 55
573 254 271
574 277 287 337
575 115 117 144 123 153 157
576 164 142 288 409 498
